('MT19937', array([2519242631, 1611352838, 1586023638, 3129390497, 3828377972,
       4130276451,  827320476, 2916433584, 2027058056,  269665570,
       1635400677, 4272564352,    4170244, 2991754059, 1227146701,
        773031519, 2765192677, 3339872468, 4027405149, 3231947843,
        547036321, 3188389441, 3824034125, 2161617319, 2624708584,
       3046842873, 3575450918, 3336232691, 1848709175, 2508835090,
       2333041935,  452972248, 4275863737,  978996224, 3735096378,
       1600296033, 3600005948,  882569655,  180024899, 2095226300,
        986913223, 2183873037, 3887986033, 1484914835, 2935179963,
       3530160987,  663186892, 1101043377, 2955999520, 1057644865,
        648035283,  899693614, 1595271652, 3131961392, 2611877537,
        579294180, 3445923836, 1885034575, 2597723080, 2254082691,
       2109924204, 2774316329, 1191383978,  779842081, 3901340108,
       1847619604,  908319499, 3821631327,  525454993,  173779809,
        197375997, 1656160374,  710485647, 4032856757, 1355886837,
       2039961585, 2901010212, 4067295537, 1619937274,  886045665,
        516585969,  810740529, 1598565608,  895909056, 2716897528,
       3814849159,  470454895, 3846263664, 3190089724,  787653598,
       3395812452,  227178077, 2838993810, 1643296342, 2632748991,
       2116597485, 2407081696,  944265604, 2380364504, 1467161766,
       1017533085, 3268872373, 2297553040, 1100888114, 1831217043,
       4032791143, 1394361310, 3513587562, 2892258282, 1582253964,
       1039963891, 3177467954, 2416165095, 3298723612,   33055484,
       3077548512,  527003974, 1375752798, 1816815200, 2520762202,
       2442034532, 4163013507,  946392244,  192292204, 1165714261,
       3827308454,  447930159, 2028745854,  918870988, 3823957156,
        729768897, 1794149480, 3260521820,  421889629,  744546114,
        690988575, 1664063568,  731603708, 1294035647,  498632223,
       4155742601, 1147477359, 1955617902, 1313213510, 1349651499,
        356205854, 1083739067,  421325237, 1451236614, 1531510296,
       3200456469, 2174592378,   46602313, 2726291498,  780503660,
        437993402, 2650820923,  802504877, 4168183236, 3343395344,
        819134757, 2703134493, 3123509846, 2101660993, 2666695263,
       2341442593, 4223583769, 2033318353, 1767042757,  869680585,
        179837231, 3837549406,  303066123, 3473436481, 3280226441,
       3767868660, 3720577839, 4084484621, 3958646413, 3979844966,
        568413849,  296674840, 3115871942, 2859303757, 1775261451,
        811675439, 4173883447, 2631975535, 4185657104,  145232863,
       3364746253, 1109064562,  289689032, 1264762429, 3101274033,
       2568234514, 1856279459, 2060858300, 1985193906, 4195014252,
       4007511042, 3382481021, 2622091388, 3466103877, 4178393266,
        797028881,  137643925,  478228839,  460147838, 1621661261,
        874888969, 3494896936,  843619329, 1412550584, 1038381184,
       3131067175,  767157664, 1199013541,  258496056, 3682204826,
       4117990814, 2956948633, 3417454711, 2954397607, 3898391840,
       1256105971,  222489515,  157643898, 1524105248, 4239977878,
        551383782, 1541689191, 4277746785,    5256264, 3146106149,
       1226429544,  814454287,    2310921, 1674913047,  108905225,
       1838621050, 2202898678,  917577138, 1218293450,   83590516,
       3035844533, 2707418832, 2761696881, 3384502202, 3230338011,
       1541687006, 1910279822, 1286875912, 1747880778, 2826546913,
       3643751404, 1997497646, 3453900092, 1497565252, 1472476406,
       1466375897, 1519907275, 3651328114, 2619346663, 4004082272,
        547219581, 2013795570, 3167795666, 2753417011, 2348014853,
       1154119406, 2764677248, 1108528925, 3272218709, 3952298459,
        415204888, 1343312940,  605133253, 1200127336, 2519585605,
       2268683823, 1771336343,  328456589, 3514868800, 1668922174,
        176404441, 4096408835, 1172119193, 4125694726,  937127357,
       4252436977, 2872749456, 1543648748, 3373365474, 1486789605,
       3672815268, 3065375835, 2573967002,  957294666,  226488762,
       2020448022,  774537546, 3255426154,  248732958, 4102953052,
         89813316, 1851543462, 1727769717, 2574903142, 2602362055,
       3001825160,  472697765, 3219153702,  536695581,  230100514,
       1866015452, 2461442089, 2777181462,  697462576,  939834178,
       2098652615, 1095226347, 2351654775, 1174842475,  998604018,
       4196829771, 2589970241,  178361990, 3644159643, 3623529720,
       3992003830, 3990344801,  916379821, 3341820233,  696925089,
        704475175,  973519009, 2406702357, 2464658714, 2503985759,
       2313366624, 3799439084, 2016017904, 2565060864,  444061993,
        712108888, 1260888609, 1205712378, 3049924279,  537472480,
       2444929271, 3368694922, 3495797255, 1141368041, 4024397655,
        542457350, 1835488419, 4238954053, 1107250963, 4168872175,
       1005623665, 3214813673, 1788318160, 3749407011,  709860468,
       3964532485, 1255750444,  231716431, 4256755494,  993661344,
       1782760773, 3363486760, 1104052631, 3158519395, 3799480067,
       3510494749, 2848677173,   59327516, 3514160074, 3187214420,
       2147890215, 1295293788, 2860355924, 3921891317, 3269572341,
       3269936216, 3663173999, 1313404765,  123817192, 3858706027,
        447375208, 1746043937, 3008539575, 2145190139, 3088144432,
         42309808, 3681327099, 3542366085, 3461960029, 3796841187,
       3925201711, 2699592924, 2849710991,  107317339, 2663089248,
        882036756, 1063354827, 3837672752,  883658348,  545814674,
       2646801594, 3119982391,  929222396,  620630710, 1622130804,
       3018782141, 3416920885, 2848092137, 2758100965, 3035679046,
       2792445376, 3323077757, 1033768086, 1440838321, 3121344336,
       3891776217, 1749999369, 1507319700, 2449575533, 2263895009,
        269390890, 1998641364, 4134148128,  925508915, 3837906304,
       1806432483, 1079708641, 4062072972, 2522771936,  114649618,
       2828635622,  424123256, 2123229820, 1885824938, 2294230995,
       1398034437, 3316812874, 3536442492,  865944139, 1523468374,
       2654778586, 3887957037, 2227924165, 2815298205, 3711305782,
       3623049261, 1157641278,  646258602, 1705582367, 2330247084,
       4189957617, 1900952817, 3120181624,  280621344,  227844644,
       1455794632, 1605916120, 2895934222,     461074,  960906967,
       2026674581, 1942636028, 3401399291, 3364157252,  932812125,
        489262029,  959641910, 2687602598, 2869198287, 1640686637,
       3595111118, 4066015533, 1091856829, 3233836189, 3467851115,
       2373417406,  238712897, 2799660359,  645479201, 1699784687,
       3913735412, 3415357881,  630481083,    8291569, 4264780571,
        365750322, 1183315357,  958967848, 1057139513, 1300257135,
       1545262268,  845304123,  512919420, 1035415269, 3119453196,
       1672757887, 1017348060,  111668528, 1570409414, 1040986348,
       3122054369, 3659471635,  613454263, 3292011968,  884299335,
        458102472, 1520473014,  175955377, 3669211554, 1753384321,
       2442571441, 2949239735, 2289745546, 2828456278, 3231686756,
        596741851, 1051327049,  154645499, 1870196857, 3259966892,
        158380213, 3050118235, 3843694751, 3167752330, 3052237221,
       2651254552, 3618946985, 4127679105, 3248876440, 1866825441,
        630635382, 1805061999, 1109605867, 1221745330, 3332850514,
       3703145796, 3300679779, 2751947334,  303734476,  624362522,
       1611817710, 1654990058, 1355123063,  282012695, 1187215853,
       1434566374,  140069976,  706050136, 1012336171, 1409701156,
       2845603901,  496747124, 3794506788, 1516036485, 1611326888,
       2400726089, 3138477845, 2625332371, 3640594905, 1199696246,
       1288257315,  101824238, 3318236074,  548098889, 3162690767,
       2054550412, 3686761754, 4260997988,  480744061, 2169707272,
       1039302245, 1231696623, 1809470724,  332250068,  389288586,
       4167533707, 2399689484,  996777476, 3065854233, 2826232348,
       2841307319,  151032907, 3690457176, 4072423934,  164775834,
       1651791961, 4284999294, 3481429302, 3676961229, 1052947935,
        761767246, 2689068369, 2706310531, 3529594322, 1519208017,
       3165373917, 3498648311,  474341149,  146389450, 1970993063,
       3606874603, 3021955777, 1540594133, 2454704033,  438748395,
       4114192772, 2123979348,  909708795,  123603333, 3822907320,
       2378817953, 2307467749, 3046111154,  158362855], dtype=uint32), 413, 0, 0.0)